export const getMatchup(p1, p2) {
    const matchupchart = [
        [0, 0, 0, 0, 0, 0, 0, 0, 0, 0, 0, 0, 0, 0, 0, 0, 0, 0, 0, 0, 0, 0, 0, 0, 0, 0], 
        [0, 1, 26, 27, 28, 29, 30, 31, 32, 33, 34, 35, 36, 37, 38, 39, 40, 41, 42, 43, 44, 45, 46, 47, 48, 49], 
        [0, 26, 2, 50, 51, 52, 53, 54, 55, 56, 57, 58, 59, 60, 61, 62, 63, 64, 65, 66, 67, 68, 69, 70, 71, 72], 
        [0, 27, 50, 3, 73, 74, 75, 76, 77, 78, 79, 80, 81, 82, 83, 84, 85, 86, 87, 88, 89, 90, 91, 92, 93, 94], 
        [0, 28, 51, 73, 4, 95, 96, 97, 98, 99, 100, 101, 102, 103, 104, 105, 106, 107, 108, 109, 110, 111, 112, 113, 114, 115], 
        [0, 29, 52, 74, 95, 5, 116, 117, 118, 119, 120, 121, 122, 123, 124, 125, 126, 127, 128, 129, 130, 131, 132, 133, 134, 135], 
        [0, 30, 53, 75, 96, 116, 6, 136, 137, 138, 139, 140, 141, 142, 143, 144, 145, 146, 147, 148, 149, 150, 151, 152, 153, 154], 
        [0, 31, 54, 76, 97, 117, 136, 7, 155, 156, 157, 158, 159, 160, 161, 162, 163, 164, 165, 166, 167, 168, 169, 170, 171, 172], 
        [0, 32, 55, 77, 98, 118, 137, 155, 8, 173, 174, 175, 176, 177, 178, 179, 180, 181, 182, 183, 184, 185, 186, 187, 188, 189], 
        [0, 33, 56, 78, 99, 119, 138, 156, 173, 9, 190, 191, 192, 193, 194, 195, 196, 197, 198, 199, 200, 201, 202, 203, 204, 205], 
        [0, 34, 57, 79, 100, 120, 139, 157, 174, 190, 10, 206, 207, 208, 209, 210, 211, 212, 213, 214, 215, 216, 217, 218, 219, 220], 
        [0, 35, 58, 80, 101, 121, 140, 158, 175, 191, 206, 11, 221, 222, 223, 224, 225, 226, 227, 228, 229, 230, 231, 232, 233, 234], 
        [0, 36, 59, 81, 102, 122, 141, 159, 176, 192, 207, 221, 12, 235, 236, 237, 238, 239, 240, 241, 242, 243, 244, 245, 246, 247], 
        [0, 37, 60, 82, 103, 123, 142, 160, 177, 193, 208, 222, 235, 13, 248, 249, 250, 251, 252, 253, 254, 255, 256, 257, 258, 259], 
        [0, 38, 61, 83, 104, 124, 143, 161, 178, 194, 209, 223, 236, 248, 14, 260, 261, 262, 263, 264, 265, 266, 267, 268, 269, 270], 
        [0, 39, 62, 84, 105, 125, 144, 162, 179, 195, 210, 224, 237, 249, 260, 15, 271, 272, 273, 274, 275, 276, 277, 278, 279, 280], 
        [0, 40, 63, 85, 106, 126, 145, 163, 180, 196, 211, 225, 238, 250, 261, 271, 16, 281, 282, 283, 284, 285, 286, 287, 288, 289], 
        [0, 41, 64, 86, 107, 127, 146, 164, 181, 197, 212, 226, 239, 251, 262, 272, 281, 17, 290, 291, 292, 293, 294, 295, 296, 297], 
        [0, 42, 65, 87, 108, 128, 147, 165, 182, 198, 213, 227, 240, 252, 263, 273, 282, 290, 18, 298, 299, 300, 301, 302, 303, 304], 
        [0, 43, 66, 88, 109, 129, 148, 166, 183, 199, 214, 228, 241, 253, 264, 274, 283, 291, 298, 19, 305, 306, 307, 308, 309, 310], 
        [0, 44, 67, 89, 110, 130, 149, 167, 184, 200, 215, 229, 242, 254, 265, 275, 284, 292, 299, 305, 20, 311, 312, 313, 314, 315], 
        [0, 45, 68, 90, 111, 131, 150, 168, 185, 201, 216, 230, 243, 255, 266, 276, 285, 293, 300, 306, 311, 21, 316, 317, 318, 319], 
        [0, 46, 69, 91, 112, 132, 151, 169, 186, 202, 217, 231, 244, 256, 267, 277, 286, 294, 301, 307, 312, 316, 22, 320, 321, 322], 
        [0, 47, 70, 92, 113, 133, 152, 170, 187, 203, 218, 232, 245, 257, 268, 278, 287, 295, 302, 308, 313, 317, 320, 23, 323, 324], 
        [0, 48, 71, 93, 114, 134, 153, 171, 188, 204, 219, 233, 246, 258, 269, 279, 288, 296, 306, 309, 314, 318, 321, 323, 24, 325],
        [0, 49, 72, 94, 115, 135, 154, 172, 189, 205, 220, 234, 247, 259, 270, 280, 289, 297, 304, 310, 315, 319, 322, 324, 325, 25]]
        return matchupchart[p1][p2]
}